98186091
1466780636
79960822523
6888934
5366875895
9087950332
83233847
50210340210
9187454544
2273915701
1828225283
14986542172
74739872138
54908550361
4823068695
119322806
5877725
5140927707
94175557377
99051319
6128040541
8944835537
19006395023
99428424
864311433
218046586
25735379983
17964534404
841870025
9879173
41973922
22571160039
534131756
658126979
8791140
18339649
7402449159
7752274735
2506178
682009061
77903017
94615018865
804362
38591233878
9335692587
54245320671
86659183664
73639899264
228862548
301114275
305382459
2639404909
39021154603
23202526504
736122182
5966130
799828892
4923447664
68422498
8153279
760409947
137864564
233607361
594608089
78008813380
9115467900
1761041
741424584
53182052027
47938749
2021579279
3398919598
7794695
7737632632
6383351537
88339295529
50147148245
35441709
9577773955
56381733522
8486699
94723937493
592456350
4124244
641238542
57100088127
23494948
82748538277
462547661
9121933961
9599498655
273861425
8170382
858134628
573631498
1896744643
75074651
348493600
93503882
385226080
9811481
95539246704
64765390818
4693215953
514571769
85224158
34379843643
8815488237
1386388605
8146334
3452633425
119106292
810272876
28126176183
2476633142
354239999
7869335
281593532
92664970947
45976623695
598732079
22949709289
31284277104
2447762711
2090847380
153935686
28393464
262544771
9615593809
13031107
8711423772
1244150
1605727
45480375834
927826116
7738894
38359377512
48869606
17219176
12872402
87250968558
82834539
767343660
3963461537
60181074095
74238766326
32707857
38565288
871250296
94205520
822872063
43798
520635982
2518855
4433888159
4909061
11440869116
18385721365
5049770
41565141
69366528350
91938054
45165339877
73722147898
943281449
3278764492
295565270
44845890816
87179088
9365876
1232008702
597554415
3516770
7617795622
467801
7193756
1177338153
16148588
779416484
9621696
711512981
1199566535
988061248
44479450
9869827389
6239636147
19240746
6296380
9726493
4112004
6824095217
7463780056
2751388
66037088828
17707458
5517407
28455377192
804809530
197182451
9604154
83166698151
1769775
37458982
3322783435
12713876
3468037
17077514413
4510853
9400534
54233792
72728059
4797872
8634308430
15343755455
82070729
42762523
76436927564
60856112468
144919874
91416215
7664757592
534826367
393116787
26540646719
362240564
361488577
86242277
2271842542
503011462
77699584
55365922825
8309163640
764224526
6997769
98894935235
196956352
93354749387
6729185
219813823
31064594
619591961
8428877709
7484136152
562437
72885061
9324564168
3345957325
43884200
90851601
8679831058
91139882
147217
30283666
971209678
81674217
85941844
2206671
87572769831
9184790361
53512894161
5618685
578272055
4189750476
4161411032
10021445009
2849970
1949468
86332719690
97046065991
962892029
7912235
4756257
95723280
7564920
15694736
3122677
4333895493
6800405
44005741
610230497
455169697
245259669
4090187
7998635
4942106261
93488486122
6139943
8360551
68013642
6821199652
63303851
140767537
3501813189
7661686810
3759696
68854095382
4813862864
78399933
668576256
59205783001
1835904632
60849846691
5898146247
22292490077
28517044
4931700391
2846529
15282856
30949383
7335362
22521866
4502202
6530896434
5453959796
14290585
1176872
639856008
70098166
1040975662
70516706
489617897
66698460856
45216059508
3841584933
96409844
9031600
58836837
18089231
417380349
900745232
8144083807
1399343
546053917
9517684945
709130138
9906570
74816033002
56085355
76219036967
5483862099
53732698586
3258583
2372511660
67555633
34182510
31662234346
4873878
5770960
7070609
8619771
1953623
96006440149
12865323
9051785253
2614187
6147597
98811080460
337914510
3112569
9535312
6887663030
973046367
468405
9114074
33962279
66239096
91269623700
87876745659
5847690
546636985
80035911772
31614149
42601981471
36674102092
7636220
96733891062
1364379273
6316441
967244171
3290461
61239333956
417780693
34177495
858766723
761816488
441346207
6671506
20625988533
7763015
9865439725
577187
36341093
384716182
75381442386
7134677
9992514253
43597363301
5382036185
915271852
5705993396
4086240049
89802740253
47134763
9012858966
694920344
22398680
1133439
3573149172
757016241
86889186860
538955912
8477970338
5029509271
2481490
89179550
20525303469
48007835528
7116971374
27770819
8706658460
733596196
11385444
5030080141
418437182
42783130
19231118199
165727720
7064053
5779377
24796177258
6640989
686080168
48966391
7041943733
989983594
15825167
7548439
5047173757
89822460
91283
900271697
4937711
87195589
71216142
376111909
483539
35652829173
13071186702
1120017100
1226187175
98470726970
9067151446
59701244
1145956642
76579898953
97050158884
733603869
21539851246
461360767
956927182
66075146043
151069546
62015228072
5629719384
3538839
47722017
9949837962
1319617
98932331
83662310
31411751727
9995700
520789491
8399125102
62987847498
3867552933
6682814
47954823000
71713116608
8747911
6433541090
2372004
2442780
74754491349
71691035030
294711224
68943651
73616054
11602456287
508788410
2244498730
951303315
1330547593
59589359
393896328
381211405
472108051
9333495
8302042412
8390798322
358583473
6492133265
42217142
998279623
1122783
8904218
7518097
324775
92114864512
950016205
679906096
566848427
603264429
151209846
35831489
18865785269
33824225760
65258860
1231858
8767691
5688326543
298292955
13727572856
9476982
67939558915
42333992416
2540016018
2287086
72619461406
77424004
825890036
49260282
671662
955066157
4300804
5567369879
9888206
591301061
7335374719
14161124898
67792973
396423581
970628919
7200598
135659683
4769793
7557262
169172545
881802733
66030908872
20348249213
4199544
54676592
1310743
5794456
432046
698972286
11114633047
9536617
313500008
5053307892
468211538
57992550
663982317
724315016
13107855
97333428183
87402893554
5661219611
97184314
90880103
61137136478
457121317
650673
81318342355
44837404
4903282
48412898
27368464
553073160
2254786
448978376
63518260622
408657
2468106827
65689476233
9091435
95509359745
389390835
19208999
4667764
314095003
5797603
3149669074
2390840723
509879496
13855590120
69971636027
396467801
59358264674
6427617912
24759206705
73054149
2328569038
69524981
29312582
21081121
37635462337
19926299
8808164
4388769
9104596
98549930197
56957384
972812614
84342385067
8894517
409366687
7443801
80206422591
6266612983
71675869
417351
8761780
63538129
80949072459
780278378
9583064
73140853
11026425551
3431147
766738971
68144296144
27988304
5215156364
61844995
2812141
28990874422
2273618929
291837737
77889313
59498693335
7487541
2987977588
79768602
8149999
901819358
1415719
99992259
587202528
244242798
88549400592
12669852
498496561
12816014428
50767896
69577989522
25800140
2918102138
41836899256
977075763
5200757
493241068
28522547319
902418939
179473612
40872564336
953835813
5720721
9181071288
2685429180
49147816457
1133374098
55562337318
95278133843
441688
59870262
960532888
51982011366
2405249
689455087
8354648532
3901453
47068849
726572140
89465402088
6581565
7546793167
1219125562
7244991541
25462049094
730852497
9431112
57582320
93242786
563057100
5038585205
7479913610
2983097
779252927
205217729
4750433795
3631697050
84914022688
22563592760
473996179
33368773
522519952
90730509
56547314
6178525
218019807
9365296796
2681634196
2670784
5681316199
66575654
58783796
32756251
1557159185
174924020
229366989
82353931
7271299164
9197857764
19474783
3450884416
41713548
64866292
8744465001
4631516
77074302782
848703752
47392123
44441553855
597147677
5790368583
6249134
98871677671
94091400
10559179
35031514474
9616247
7055655
8681253
427697
3448593
71473543
8673809
367161474
87719896
24603409261
15661322
2471505
108535955
3227907
70133771800
3459097
83973488225
29882432
7049622
70121936461
170950571
5214011005
7479555
425075782
63106161093
1075337
33820976858
62797071
1108760
1187795
7202532
977997122
572765270
6696930863
409697098
55493795
7593820
7550902
21947941005
909494130
3741198
831279205
11884011962
48780787
4559688127
43641503
8672225
83143778
9214246
3851342476
42621694
21294158258
49610765
322625281
7539282
6172234
508747061
6732911
1605138
2288013
270187369
26916083
7038225
83515114
100729
19320529
7227887231
8062838
5938671
622714615
856240589
56071175
492862096
70789242258
1447757
677959914
7298354848
7708237845
6336289
6777972
77301054
35997289
5823244420
8562199462
60097551
9453669643
60435677
8987120
411218897
2896220
3752444885
803261
69493656
7799679076
71592459287
81335315895
65076713
256427024
173557062
39237058
16011188
121305256
439258091
11694654398
79669531
76514943
6301521251
34213998937
593022697
5943285
28339899
866952214
5363908918
19539488
15985234
320886265
171085
42138075
2050058216
458770674
70158210
43518818116
2648828
5240034744
552923753
9952265114
404527016
9037294
97173753
5184551242
92674782019
4261121
2797401709
705987149
43878026450
60583708677
1887216088
7664103
5645123640
5840441157
788556356
52198178622
14993812524
2177906
5937593836
93285176
5949183
3212475
926512730
8244745
910919869
608759819
53549491
853360600
3463464551
3710794
2327131172
996328051
6871894
91142411932
8307943387
98408389
7058268240
4015190720
565452609
2645635
4149602211
677782
343878234
130369879
8124605689
86778087
42085152717
296826455
195804945
671994
8488550828
46444211811
37730758
3773357476
4428957097
517593
8076731
5634213
7326918
3334699
6522385338
68383773
6248830
383279741
32314103
37041417849
747918053
3566776
5292818376
80995743045
70227642
8987657220
299105888
3371713170
68868197208
712307019
394911858
7991214519
23696240028
5711463660
14529136
1014015
82125
3141613
68598780250
59615809
8929168224
60489935086
99261983426
222128306
8776877797
492056206
12098588
55684949
4032761917
559544811
74039510261
19119442708
1865096
6761755
34431402995
8638979038
72881554
7055034756
67492994339
823673881
9839847
58533533
7703424655
90674960
90783237
68771603728
1954065931
527189170
8624115
4191521681
3160942783
4529468
9743703351
3713621
85614365
95013536358
7815739289
5541190420
33365201
89822360
306249152
99534086
22526913152
50881004739
83464050
2435869805
